/*--------------------------------*- C++ -*----------------------------------*\
| =========                 |                                                 |
| \\      /  F ield         | OpenFOAM: The Open Source CFD Toolbox           |
|  \\    /   O peration     | Version:  2412                                  |
|   \\  /    A nd           | Website:  www.openfoam.com                      |
|    \\/     M anipulation  |                                                 |
\*---------------------------------------------------------------------------*/
FoamFile
{
    version     2.0;
    format      binary;
    arch        "LSB;label=32;scalar=64";
    class       cellSet;
    location    "constant/polyMesh/sets";
    object      plasma;
}
// * * * * * * * * * * * * * * * * * * * * * * * * * * * * * * * * * * * * * //


945
(
43008
43009
43010
43011
43012
43013
43014
43015
41003
41004
41005
41006
41007
41008
41009
41010
41011
41012
41013
41014
41015
41016
2109
2110
2111
2112
2113
2114
2115
2116
45125
2117
45126
2118
45127
2119
45128
2120
45129
2121
45130
2122
45131
2123
45132
2124
45133
45134
45135
45136
45137
45138
45139
45140
43126
43127
43128
43129
43130
43131
43132
43133
43134
43135
43136
43137
43138
43139
43140
41128
41129
41130
41131
41132
41133
41134
41135
41136
41137
41138
41139
41140
41141
2234
2235
2236
2237
2238
2239
2240
2241
45250
2242
45251
2243
45252
2244
45253
2245
45254
2246
45255
2247
45256
2248
45257
2249
45258
45259
45260
45261
45262
45263
45264
45265
43251
43252
43253
43254
43255
43256
43257
43258
43259
43260
43261
43262
43263
43264
43265
41253
41254
41255
41256
41257
41258
41259
41260
41261
41262
41263
41264
41265
41266
2359
2360
2361
2362
2363
2364
2365
2366
45375
2367
45376
2368
45377
2369
45378
2370
45379
2371
45380
2372
45381
2373
45382
2374
45383
45384
45385
45386
45387
45388
45389
45390
43376
43377
43378
43379
43380
43381
43382
43383
43384
43385
43386
43387
43388
43389
43390
41378
41379
41380
41381
41382
41383
41384
41385
41386
41387
41388
41389
41390
41391
45500
45501
45502
45503
45504
45505
45506
45507
45508
45509
45510
45511
45512
45513
45514
45515
43500
43501
43502
43503
43504
43505
43506
43507
43508
43509
43510
43511
43512
43513
43514
43515
41502
41503
41504
41505
41506
41507
41508
41509
41510
41511
41512
41513
41514
41515
41516
45625
45626
45627
45628
45629
45630
45631
45632
45633
45634
45635
45636
45637
45638
45639
45640
611
612
613
614
43625
43626
43627
43628
43629
43630
43631
43632
43633
43634
43635
43636
43637
43638
43639
43640
41627
41628
41629
41630
41631
41632
41633
41634
41635
41636
41637
41638
41639
41640
41641
45750
45751
45752
45753
45754
45755
45756
45757
45758
45759
45760
45761
45762
45763
45764
45765
733
734
735
736
737
738
739
740
741
43750
742
43751
43752
43753
43754
43755
43756
43757
43758
43759
43760
43761
43762
43763
43764
43765
41752
41753
41754
41755
41756
41757
41758
41759
41760
41761
41762
41763
41764
41765
41766
854
855
856
857
858
859
860
861
862
863
864
865
866
43875
867
43876
868
43877
869
43878
43879
43880
43881
43882
43883
43884
43885
43886
43887
43888
43889
43890
41877
41878
41879
41880
41881
41882
41883
41884
41885
41886
41887
41888
41889
41890
41891
977
39890
978
39891
979
39892
980
981
982
983
984
985
986
987
988
989
990
991
44000
992
44001
993
44002
994
44003
995
44004
44005
44006
44007
44008
44009
44010
44011
44012
44013
44014
44015
42002
42003
42004
42005
42006
42007
42008
42009
42010
42011
42012
42013
42014
42015
42016
40008
40009
40010
40011
40012
40013
40014
40015
1103
40016
1104
40017
1105
1106
1107
1108
1109
1110
1111
1112
1113
1114
1115
1116
44125
1117
44126
1118
44127
1119
44128
1120
44129
1121
44130
44131
44132
44133
44134
44135
44136
44137
44138
44139
44140
42127
42128
42129
42130
42131
42132
42133
42134
42135
42136
42137
42138
42139
42140
40129
40130
40131
40132
40133
40134
40135
40136
40137
40138
40139
40140
40141
1229
40142
1230
1231
1232
1233
1234
1235
1236
1237
1238
1239
1240
1241
44250
1242
44251
1243
44252
1244
44253
1245
44254
1246
44255
1247
44256
44257
44258
44259
44260
44261
44262
44263
44264
44265
42252
42253
42254
42255
42256
42257
42258
42259
42260
42261
42262
42263
42264
42265
40254
40255
40256
40257
40258
40259
40260
40261
40262
40263
40264
40265
40266
40267
1355
1356
1357
1358
1359
1360
1361
1362
1363
1364
1365
1366
44375
1367
44376
1368
44377
1369
44378
1370
44379
1371
44380
1372
44381
44382
44383
44384
44385
44386
44387
44388
44389
44390
42376
42377
42378
42379
42380
42381
42382
42383
42384
42385
42386
42387
42388
42389
42390
40379
40380
40381
40382
40383
40384
40385
40386
40387
40388
40389
40390
40391
40392
1481
1482
1483
1484
1485
1486
1487
1488
1489
1490
1491
44500
1492
44501
1493
44502
1494
44503
1495
44504
1496
44505
1497
44506
1498
44507
44508
44509
44510
44511
44512
44513
44514
44515
42501
42502
42503
42504
42505
42506
42507
42508
42509
42510
42511
42512
42513
42514
42515
40504
40505
40506
40507
40508
40509
40510
40511
40512
40513
40514
40515
40516
40517
1607
1608
1609
1610
1611
1612
1613
1614
1615
1616
44625
1617
44626
1618
44627
1619
44628
1620
44629
1621
44630
1622
44631
1623
44632
44633
44634
44635
44636
44637
44638
44639
44640
42626
42627
42628
42629
42630
42631
42632
42633
42634
42635
42636
42637
42638
42639
42640
40628
40629
40630
40631
40632
40633
40634
40635
40636
40637
40638
40639
40640
40641
1733
1734
1735
1736
1737
1738
1739
1740
1741
44750
1742
44751
1743
44752
1744
44753
1745
44754
1746
44755
1747
44756
1748
44757
44758
44759
44760
44761
44762
44763
44764
44765
42751
42752
42753
42754
42755
42756
42757
42758
42759
42760
42761
42762
42763
42764
42765
40753
40754
40755
40756
40757
40758
40759
40760
40761
40762
40763
40764
40765
40766
1858
1859
1860
1861
1862
1863
1864
1865
1866
44875
1867
44876
1868
44877
1869
44878
1870
44879
1871
44880
1872
44881
1873
44882
44883
44884
44885
44886
44887
44888
44889
44890
42876
42877
42878
42879
42880
42881
42882
42883
42884
42885
42886
42887
42888
42889
42890
40878
40879
40880
40881
40882
40883
40884
40885
40886
40887
40888
40889
40890
40891
1984
1985
1986
1987
1988
1989
1990
1991
45000
1992
45001
1993
45002
1994
45003
1995
45004
1996
45005
1997
45006
1998
45007
1999
45008
45009
45010
45011
45012
45013
45014
45015
43001
43002
43003
43004
43005
43006
43007
)


// ************************************************************************* //
